89
143
45
185
1
36
183
31
208
189
121
118
213
197
127
38
112
136
52
114
9
182
88
70
4
40
210
150
179
39
186
125
195
29
66
