0 238682 158323 242720 299472 348640 224126 254709 335195 264010 317576 297228 372922 451863 332677 279279 295064 230780 356227 281974 530060 389885 283849 350636 287137 264551 266949 233072 356473 287482 224301 357011 86043 283026 367164 250583 230267 389876 236040 261341 253813 355594 320874 256111 315880 365362
238682 0 111330 30343 478019 102323 20375 90610 90306 48293 85235 81870 123801 220433 86359 63595 74145 18403 534774 460521 305294 140720 66206 530044 64254 96110 84565 7658 535020 466889 16845 107895 168155 59880 122275 50979 118208 140761 16924 45389 38176 110705 111239 73217 495287 116246
158323 111330 0 116883 398089 191963 98289 126377 179966 137814 188473 171391 213323 323671 176020 153116 166871 104943 454844 380591 401860 230242 158012 449253 161300 139172 141466 107235 455090 386099 98464 197417 87413 154833 211939 124746 106444 230282 109925 135203 127698 200345 195244 111565 414497 205768
242720 30343 116883 0 483233 130247 32936 108776 116802 66459 103401 100036 154524 245271 114284 81761 95555 14234 539988 465734 323459 171443 65457 534397 68745 114276 102731 25715 540234 471243 21972 138618 172556 81174 148771 66328 136374 171483 38545 63556 56317 137201 129405 85778 499640 146969
299472 478019 398089 483233 0 522403 443142 407038 531029 467721 486872 488345 539395 621976 511532 475233 462776 449249 167282 92988 698348 556543 494050 164778 492098 430331 418548 451565 149522 120066 442769 523606 320842 434525 558024 479664 393984 556206 455147 452950 498611 546455 491948 433417 129000 532207
348640 102323 191963 130247 522403 0 98300 103352 43527 61517 64639 37559 51440 200136 19596 50503 72977 125142 563177 488925 283128 67583 71665 557105 68870 108852 97307 98615 563423 494134 107803 35276 278281 73356 57781 103134 130950 68711 89292 78386 68483 46211 97674 119190 522403 39014
224126 20375 98289 32936 443142 98300 0 86795 86491 44478 81420 78055 119986 216618 82544 59780 70410 21005 521847 447570 301479 136905 62391 516092 60439 92295 80750 16330 522115 453004 13117 104080 154157 56064 118460 39770 114393 136946 16588 41899 34361 106890 107424 59220 481402 112431
254709 90610 126377 108776 407038 103352 86795 0 110116 49536 66222 67256 112229 201408 91499 56891 44620 97899 464121 389867 279597 129148 92080 458530 90129 25261 16694 87153 464367 395375 96341 96323 209811 32582 136541 82564 32838 129189 77654 51006 65760 124928 76518 75392 423773 104674
335195 90306 179966 116802 531029 43527 86491 110116 0 66500 78065 54449 81634 213562 30900 56465 81218 97234 569312 495056 291451 98841 56072 563721 51067 115882 104336 86489 569568 500564 95676 65728 264677 80125 39745 98386 137993 98594 77166 78516 56356 26639 105999 126007 528963 74079
264010 48293 137814 66459 467721 61517 44478 49536 66500 0 38469 35714 78960 173667 50347 18187 28269 55684 509172 434876 251856 95879 52306 503458 50354 55613 44067 44938 509436 440366 54126 63054 194464 20760 93498 46042 77724 95920 35439 19851 25985 81928 64473 61645 468764 71405
317576 85235 188473 103401 486872 64639 81420 66222 78065 38469 0 29713 74119 136302 59333 32143 31858 93099 527174 453164 214192 93587 77195 520925 74400 72395 60849 82353 527647 458536 91541 60475 238153 40740 104304 83457 94506 93340 72854 55619 60510 92763 33480 89276 486321 68826
297228 81870 171391 100036 488345 37559 78055 67256 54449 35714 29713 0 46270 164632 28553 24524 37022 89161 527867 453795 242521 63189 62189 521933 59394 73429 61883 78416 528255 459174 87603 30364 227942 41773 73524 79461 95540 63229 68916 54169 49219 61982 57413 89289 487272 38715
372922 123801 213323 154524 539395 51440 119986 112229 81634 78960 74119 46270 0 209334 56072 69162 82670 149302 580472 506218 289774 33256 96895 574581 94100 120147 108601 120796 580713 511631 129983 22901 270322 92015 99453 121899 148539 24085 111296 97093 89158 88981 105736 137896 539877 23909
451863 220433 323671 245271 621976 200136 216618 201408 213562 173667 136302 164632 209334 0 194495 167305 167020 234534 662335 588310 79138 228749 212357 656087 209562 207557 196011 217515 662809 593682 226702 195636 373314 175902 239466 218619 229668 226241 208016 190781 195672 227925 168641 224438 621483 203987
332677 86359 176020 114284 511532 19596 82544 91499 30900 50347 59333 28553 56072 194495 0 39683 62157 93205 552242 477990 272307 72264 55509 546275 52714 98032 86487 82459 552488 483506 91647 35720 262076 62536 48944 91890 120149 72017 73137 67614 52327 37374 86854 108417 511775 46281
279279 63595 153116 81761 475233 50503 59780 56891 56465 18187 32143 24524 69162 167305 39683 0 28081 70615 516301 442047 245022 85175 47730 510710 44934 62873 51327 59869 516547 447555 69057 52350 209395 27116 83658 60973 84983 85215 50370 35261 31044 72088 59501 72997 475954 60701
295064 74145 166871 95555 462776 72977 70410 44620 81218 28269 31858 37022 82670 167020 62157 28081 0 80770 504040 429674 245039 99032 71098 498337 68303 42154 30608 70024 504286 435182 79212 66207 222966 18826 107117 72949 72642 99073 60525 37227 51356 95576 55714 68297 463580 74558
230780 18403 104943 14234 449249 125142 21005 97899 97234 55684 93099 89161 149302 234534 93205 70615 80770 0 527877 453623 311348 166468 60482 522286 63770 102165 90619 13604 528122 459131 9861 113950 160445 65934 143796 54217 124263 166508 26433 51444 44206 132226 117294 73667 487529 141994
356227 534774 454844 539988 167282 563177 521847 464121 569312 509172 527174 527867 580472 662335 552242 516301 504040 527877 0 73877 758006 614090 549156 115554 547204 471176 473721 506763 66581 125606 497967 562250 376040 489652 613056 534863 436751 595100 510323 508076 522834 601478 527607 488615 79776 570758
281974 460521 380591 465734 92988 488925 447570 389867 495056 434876 453164 453795 506218 588310 477990 442047 429674 453623 73877 0 685408 543263 478386 78862 476435 400436 402950 435939 86442 54782 427143 491444 305216 418882 542279 464038 365927 543155 439221 437286 452065 530709 456824 417791 43084 518751
530060 305294 401860 323459 698348 283128 301479 279597 291451 251856 214192 242521 289774 79138 272307 245022 245039 311348 758006 685408 0 306791 290399 734123 287604 293308 274054 301831 760051 670505 311018 273679 451357 253944 317509 302934 307710 306544 292331 268823 273714 305967 246684 302480 699661 282030
389885 140720 230242 171443 556543 67583 136905 129148 98841 95879 93587 63189 33256 228749 72264 85175 99032 166468 614090 543263 306791 0 113502 591259 110994 136754 125208 137403 617495 528474 146590 39614 319220 108622 116347 138506 165147 41313 127903 113701 105766 105875 122630 154504 556621 30365
283849 66206 158012 65457 494050 71665 62391 92080 56072 52306 77195 62189 96895 212357 55509 47730 71098 60482 549156 478386 290399 113502 0 546024 8047 98218 86673 62234 551860 482870 63067 80172 213690 64113 88409 74132 120330 113038 52911 54261 32102 76839 103917 100945 511268 88524
350636 530044 449253 534397 164778 557105 516092 458530 563721 503458 520925 521933 574581 656087 546275 510710 498337 522286 115554 78862 734123 591259 546024 0 545768 469784 471849 505639 146672 110825 496843 560391 374916 488221 593085 533419 435309 593258 508393 506645 521399 581514 526398 487131 42504 568743
287137 64254 161300 68745 492098 68870 60439 90129 51067 50354 74400 59394 94100 209562 52714 44934 68303 63770 547204 476435 287604 110994 8047 545768 0 96071 84525 60066 549693 480702 66358 77134 216981 61966 83278 71984 118182 110000 50744 52113 29954 71708 100879 98797 509100 85485
264551 96110 139172 114276 430331 108852 92295 25261 115882 55613 72395 73429 120147 207557 98032 62873 42154 102165 471176 400436 293308 136754 98218 469784 96071 0 12708 93522 473492 404559 102710 102692 221332 38951 142949 91102 39415 135558 84023 57375 72128 131297 58081 81761 432892 111043
266949 84565 141466 102731 418548 97307 80750 16694 104336 44067 60849 61883 108601 196011 86487 51327 30608 90619 473721 402950 274054 125208 86673 471849 84525 12708 0 82016 476066 407040 91204 91186 223471 27445 131467 76822 44018 124052 72517 45869 60622 119791 62570 70255 435413 99537
233072 7658 107235 25715 451565 98615 16330 87153 86489 44938 82353 78416 120796 217515 82459 59869 70024 13604 506763 435939 301831 137403 62234 505639 60066 93522 82016 0 530227 461236 12053 103044 162637 55029 117423 46128 113357 135910 15552 40538 33325 105853 106388 69138 489634 111395
356473 535020 455090 540234 149522 563423 522115 464367 569568 509436 527647 528255 580713 662809 552488 516547 504286 528122 66581 86442 760051 617495 551860 146672 549693 473492 476066 530227 0 134863 507108 589500 385181 498490 622228 543688 445577 622368 519464 516914 562363 610658 536813 497441 104942 597852
287482 466889 386099 471243 120066 494134 453004 395375 500564 440366 458536 459174 511631 593682 483506 447555 435182 459131 125606 54782 670505 528474 482870 110825 480702 404559 407040 461236 134863 0 433710 497377 311783 425043 548846 470241 372130 530243 445647 443467 458220 537276 463391 423994 76460 505728
224301 16845 98464 21972 442769 107803 13117 96341 95676 54126 91541 87603 129983 226702 91647 69057 79212 9861 497967 427143 311018 146590 63067 496843 66358 102710 91204 12053 507108 433710 0 112186 153967 64171 146298 46375 122500 145052 24694 50005 42467 114996 115531 65825 481051 120537
357011 107895 197417 138618 523606 35276 104080 96323 65728 63054 60475 30364 22901 195636 35720 52350 66207 113950 562250 491444 273679 39614 80172 560391 77134 102692 91186 103044 589500 497377 112186 0 254532 76225 79352 106051 132749 40115 95506 81303 73368 67782 89945 122106 524087 12164
86043 168155 87413 172556 320842 278281 154157 209811 264677 194464 238153 227942 270322 373314 262076 209395 222966 160445 376040 305216 451357 319220 213690 374916 216981 221332 223471 162637 385181 311783 153967 254532 0 206647 295445 178864 176929 284400 164321 189623 182094 283875 265823 184392 362381 259886
283026 59880 154833 81174 434525 73356 56064 32582 80125 20760 40740 41773 92015 175902 62536 27116 18826 65934 489652 418882 253944 108622 64113 488221 61966 38951 27445 55029 498490 425043 64171 76225 206647 0 107195 58698 60882 107797 46959 23037 37791 95654 65368 56694 451821 83282
367164 122275 211939 148771 558024 57781 118460 136541 39745 93498 104304 73524 99453 239466 48944 83658 107117 143796 613056 542279 317509 116347 88409 593085 83278 142949 131467 117423 622228 548846 146298 79352 295445 107195 0 131066 165607 116870 109845 109280 89036 17917 132101 153669 556629 90433
250583 50979 124746 66328 479664 103134 39770 82564 98386 46042 83457 79461 121899 218619 91890 60973 72949 54217 534863 464038 302934 138506 74132 533419 71984 91102 76822 46128 543688 470241 46375 106051 178864 58698 131066 0 112423 138537 40404 37049 47491 119139 109016 40445 492425 114023
230267 118208 106444 136374 393984 130950 114393 32838 137993 77724 94506 95540 148539 229668 120149 84983 72642 124263 436751 365927 307710 165147 120330 435309 118182 39415 44018 113357 445577 372130 122500 132749 176929 60882 165607 112423 0 156889 105354 78706 93459 152791 95897 93113 398440 132374
389876 140761 230282 171483 556206 68711 136946 129189 98594 95920 93340 63229 24085 226241 72017 85215 99073 166508 595100 543155 306544 41313 113038 593258 110000 135558 124052 135910 622368 530243 145052 40115 284400 107797 116870 138537 156889 0 128394 114191 106256 106079 122833 154994 556977 41183
236040 16924 109925 38545 455147 89292 16588 77654 77166 35439 72854 68916 111296 208016 73137 50370 60525 26433 510323 439221 292331 127903 52911 508393 50744 84023 72517 15552 519464 445647 24694 95506 164321 46959 109845 40404 105354 128394 0 32255 25085 97613 98105 74503 493203 103112
261341 45389 135203 63556 452950 78386 41899 51006 78516 19851 55619 54169 97093 190781 67614 35261 37227 51444 508076 437286 268823 113701 54261 506645 52113 57375 45869 40538 516914 443467 50005 81303 189623 23037 109280 37049 78706 114191 32255 0 27888 98303 79535 55077 469379 87780
253813 38176 127698 56317 498611 68483 34361 65760 56356 25985 60510 49219 89158 195672 52327 31044 51356 44206 522834 452065 273714 105766 32102 521399 29954 72128 60622 33325 562363 458220 42467 73368 182094 37791 89036 47491 93459 106256 25085 27888 0 77091 86472 74217 485001 80583
355594 110705 200345 137201 546455 46211 106890 124928 26639 81928 92763 61982 88981 227925 37374 72088 95576 132226 601478 530709 305967 105875 76839 581514 71708 131297 119791 105853 610658 537276 114996 67782 283875 95654 17917 119139 152791 106079 97613 98303 77091 0 119996 141560 544518 78328
320874 111239 195244 129405 491948 97674 107424 76518 105999 64473 33480 57413 105736 168641 86854 59501 55714 117294 527607 456824 246684 122630 103917 526398 100879 58081 62570 106388 536813 463391 115531 89945 265823 65368 132101 109016 95897 122833 98105 79535 86472 119996 0 112436 489385 96311
256111 73217 111565 85778 433417 119190 59220 75392 126007 61645 89276 89289 137896 224438 108417 72997 68297 73667 488615 417791 302480 154504 100945 487131 98797 81761 70255 69138 497441 423994 65825 122106 184392 56694 153669 40445 93113 154994 74503 55077 74217 141560 112436 0 446199 129811
315880 495287 414497 499640 129000 522403 481402 423773 528963 468764 486321 487272 539877 621483 511775 475954 463580 487529 79776 43084 699661 556621 511268 42504 509100 432892 435413 489634 104942 76460 481051 524087 362381 451821 556629 492425 398440 556977 493203 469379 485001 544518 489385 446199 0 533155
365362 116246 205768 146969 532207 39014 112431 104674 74079 71405 68826 38715 23909 203987 46281 60701 74558 141994 570758 518751 282030 30365 88524 568743 85485 111043 99537 111395 597852 505728 120537 12164 259886 83282 90433 114023 132374 41183 103112 87780 80583 78328 96311 129811 533155 0
