0 5536738 3292692 5759970 5239728 8210342 5261144 5141256 7789566 6424000 6936146 7331244 8680390 8247680 7742863 6832017 6244668 5399067 6015250 4845420 9212083 8904649 6349651 5864656 6440334 5409498 5557302 5453820 5894341 4755240 5217255 8288773 1383721 5940889 8778494 5622476 4538358 9051508 5521498 6235511 6119641 8403697 6203266 5091951 5564617 8492331
5536738 0 2657149 775079 10370336 2837729 352784 2218074 2479431 1287039 2299474 2200223 3150099 3617670 2370249 1695192 1950527 414175 11145858 9976027 4768705 3374893 1815560 10990402 1758811 2300766 2056761 108004 11024948 9880986 372363 2758491 4321414 1585326 3468360 1051341 2928414 3521225 259624 1088338 982885 3093563 2807874 1394415 10690364 2962049
3292692 2657149 0 2903644 8128739 5113058 2404817 2766423 4754764 3561734 4121850 4474917 5424794 5440045 4645582 3969886 3437033 2542740 8904263 7734431 6404445 5649588 3493324 8753668 3584007 3151977 3227831 2597493 8783354 7644252 2360929 5033186 2084739 3133253 5743742 2766149 2337394 5795920 2659421 3373381 3257565 5368893 3944945 2071817 8453630 5236743
5759970 775079 2903644 0 10595373 3111297 841801 2849759 2690521 1918725 2931160 2831908 3581337 4435991 2643818 2326877 2625113 377928 11370896 10201062 5400390 3806131 1250606 11220302 1341289 2932452 2688446 692663 11249985 10110885 597399 3189729 4551372 2216246 3679450 1476005 3560099 3952463 1016429 1720054 1614572 3304653 3439559 1883432 10920263 3393286
5239728 10370336 8128739 10595373 0 12010513 9709280 8673318 11960253 10468336 11014052 11038233 12259004 12332139 11723866 10655416 10278476 9844835 2467661 1297830 13246619 12483549 10982399 2657594 10925650 9398024 8945446 9899587 2190090 1596523 9663023 11870117 6274912 9328609 12779545 9858672 8511144 12629472 9977518 9732463 10591575 12404748 10938440 8929756 2109762 12073792
8210342 2837729 5113058 3111297 12010513 0 2754978 2826084 1131529 1704100 1711563 974267 889942 3031678 515364 1367731 2021588 2892593 12237163 11067331 4198309 1065459 2009776 12083825 1934114 2908776 2664771 2791042 12116253 10975746 3055401 463737 7017212 2049462 1622195 2770311 3536424 1285645 2511459 2199386 1883306 1247398 2576212 3118236 11783892 581695
5261144 352784 2404817 841801 9709280 2754978 0 2142052 2403409 1211017 2223453 2124201 3074078 3541648 2294228 1619170 1879198 481246 10873026 9703142 4692683 3298872 1739538 10721568 1682789 2224744 1980739 285280 10752109 9612608 269749 2682470 4052565 1509304 3392338 718140 2852392 3445203 308720 1011185 906863 3017541 2731852 1125566 10421920 2886027
5141256 2218074 2766423 2849759 8673318 2826084 2142052 0 2986590 1284905 1779689 1812919 2816164 3097896 2539857 1469253 1094872 2489761 9527644 8357812 4062295 3040958 2444821 9377050 2388072 610045 423712 2183589 9406734 8267634 2447949 2424556 4851315 791092 3862883 1777044 819747 3187290 1900663 1184474 1677143 3487991 1303980 1701200 9077011 2628112
7789566 2479431 4754764 2690521 11960253 1131529 2403409 2986590 0 1844901 2140654 1493910 2028299 3460770 751833 1521706 2232459 2743400 12405090 11235259 4423250 2254604 1522770 12254496 1381317 3069512 2825507 2437228 12284181 11145080 2701588 1636690 6581635 2220338 1075369 2666814 3697143 2399424 2157645 2141147 1529492 670854 2801152 3290162 11954456 1840247
6424000 1287039 3561734 1918725 10468336 1704100 1211017 1284905 1844901 0 1023183 953163 1960116 2341379 1416725 418193 694762 1556795 10717567 9547425 3305778 2184910 1402612 10566154 1345863 1381103 1137097 1250623 10596663 9457241 1514982 1568507 5204749 451718 2663754 1173033 2008733 2331241 967697 525648 634934 2288957 1531582 1468663 10266618 1772064
6936146 2299474 4121850 2931160 11014052 1711563 2223453 1779689 2140654 1023183 0 754423 1729688 1328244 1630579 778029 830861 2577609 11238049 10070207 2290724 2027841 2084680 11053625 2009018 1862941 1618936 2271437 11119124 9979007 2535796 1409927 6403285 1132662 2953534 2193846 2490572 2172661 1988511 1411430 1550231 2578713 888408 2234942 10754742 1613484
7331244 2200223 4474917 2831908 11038233 974267 2124201 1812919 1493910 953163 754423 0 999760 2073269 714129 580815 991747 2468976 11239403 10070645 3035749 1224554 1666333 11086505 1590671 1895977 1651972 2162804 11119188 9979926 2427164 608151 6116931 1165698 2037083 2081609 2523608 1370886 1879878 1506932 1240241 1662263 1424565 2241273 10786864 811708
8680390 3150099 5424794 3581337 12259004 889942 3074078 2816164 2028299 1960116 1729688 999760 0 3051609 1287656 1625556 2013014 3366720 12494495 11324665 4099474 600002 2483423 12342027 2407761 2916764 2672759 3108104 12373592 11233986 3372464 554174 7062231 2307288 2582575 3030514 3794729 482392 2825179 2458262 2128227 2207275 2487810 3377113 12042094 484690
8247680 3617670 5440045 4435991 12332139 3031678 3541648 3097896 3460770 2341379 1328244 2073269 3051609 0 2948831 2096281 2149113 4073582 12556301 11388425 979712 3346092 3402932 12371877 3327270 3181193 2937188 3589689 12437376 11297226 3854048 2728179 7721537 2450913 4271785 3512098 3808823 3419066 3306762 2729682 2868483 3896965 2206660 3553194 12072994 2931735
7742863 2370249 4645582 2643818 11723866 515364 2294228 2539857 751833 1416725 1630579 714129 1287656 2948831 0 1081996 1735853 2634790 11937152 10767321 3912574 1506403 1547352 11798733 1471690 2623041 2379036 2328619 11816243 10677391 2592978 632646 6536414 1763727 1367131 2455795 3250736 1651224 2049035 1914701 1420882 992334 2290477 2833552 11485537 848809
6832017 1695192 3969886 2326877 10655416 1367731 1619170 1469253 1521706 418193 778029 580815 1625556 2096281 1081996 0 714965 1963949 10889144 9719313 3066624 1871937 1279702 10738551 1204039 1553566 1309561 1657777 10768234 9629134 1922137 1255535 5611904 704392 2364034 1580187 2181197 2018269 1374851 914850 745253 1989237 1439123 1774216 10438511 1459091
6244668 1950527 3437033 2625113 10278476 2021588 1879198 1094872 2232459 694762 830861 991747 2013014 2149113 1735853 714965 0 2220473 10515886 9344661 3115296 2220919 1932820 10363898 1857157 874744 630739 1914301 10394977 9254482 2178661 1604517 5896012 448494 3062271 1569412 1806545 2367251 1631375 847930 1303323 2687451 1276393 1605538 10063859 1808073
5399067 414175 2542740 377928 9844835 2892593 481246 2489761 2743400 1556795 2577609 2468976 3366720 4073582 2634790 1963949 2220473 0 11010134 9840304 5039630 3589883 1034359 10859541 1125042 2571690 2327685 331902 10889225 9750123 236637 3029416 4190610 1856250 3463203 1115244 3199338 3736215 655667 1359262 1253811 3088406 3078798 1522670 10559501 3177039
6015250 11145858 8904263 11370896 2467661 12237163 10873026 9527644 12405090 10717567 11238049 11239403 12494495 12556301 11937152 10889144 10515886 11010134 0 1183234 13929756 13151040 11859946 1923995 11803197 9674766 9822690 10777242 836398 1791752 10540679 12098867 7152567 10206156 13657066 10736327 8858149 12861562 10855044 10599538 11092268 13282267 10468935 9807411 1376164 12302480
4845420 9976027 7734431 10201062 1297830 11067331 9703142 8357812 11235259 9547425 10070207 10070645 11324665 11388425 10767321 9719313 9344661 9840304 1183234 0 12750054 11986398 10695335 1405310 10638586 8510394 8657875 9612522 1297632 627033 9375960 10934205 5987848 9041545 12492453 9571608 7693430 12133057 9684575 9445398 9927656 12117655 9304346 8642692 857479 11573948
9212083 4768705 6404445 5400390 13246619 4198309 4692683 4062295 4423250 3305778 2290724 3035749 4099474 979712 3912574 3066624 3115296 5039630 13929756 12750054 0 4308584 4365423 13334338 4289761 3761645 3899679 4729902 13842252 12219634 4994261 3690670 8684028 3413404 5234277 4652311 4771315 4453405 4446975 3692173 3830974 4859456 3169151 4515685 13035814 3894226
8904649 3374893 5649588 3806131 12483549 1065459 3298872 3040958 2254604 2184910 2027841 1224554 600002 3346092 1506403 1871937 2220919 3589883 13151040 11986398 4308584 0 2706268 12564920 2632117 3139609 2895603 3330949 13040350 11456993 3595308 780835 7696672 2530132 2806931 3253358 4017574 731589 3048023 2681107 2351071 2431630 2712166 3599957 12265134 490423
6349651 1815560 3493324 1250606 10982399 2009776 1739538 2444821 1522770 1402612 2084680 1666333 2483423 3402932 1547352 1279702 1932820 1034359 11859946 10695335 4365423 2706268 0 11726229 191115 2541245 2297240 1773256 11755915 10616813 1188894 2091946 5143117 1704699 2513914 2002841 3168876 2854680 1493673 1477175 865520 2139117 2619927 2518344 11426190 2295502
5864656 10990402 8753668 11220302 2657594 12083825 10721568 9377050 12254496 10566154 11053625 11086505 12342027 12371877 11798733 10738551 10363898 10859541 1923995 1405310 13334338 12564920 11726229 0 11616872 9488460 9635077 10591000 2219966 1518196 10354437 11909556 6966326 10019892 13034711 10550075 8671896 12672290 10652993 10413274 10905943 12659915 10282351 9621090 590763 12113112
6440334 1758811 3584007 1341289 10925650 1934114 1682789 2388072 1381317 1345863 2009018 1590671 2407761 3327270 1471690 1204039 1857157 1125042 11803197 10638586 4289761 2632117 191115 11616872 0 2484080 2240075 1716845 11699504 10560402 1279833 2015550 5234056 1647534 2370421 1945676 3111711 2778284 1437262 1420010 808355 1995623 2543531 2461180 11369779 2219106
5409498 2300766 3151977 2932452 9398024 2908776 2224744 610045 3069512 1381103 1862941 1895977 2916764 3181193 2623041 1553566 874744 2571690 9674766 8510394 3761645 3139609 2541245 9488460 2484080 0 253368 2298175 9531960 8392863 2562534 2539141 5201681 905677 3977488 1818486 927408 3301875 2015249 1299059 1791728 3602576 821957 1815785 9202188 2742698
5557302 2056761 3227831 2688446 8945446 2664771 1980739 423712 2825507 1137097 1618936 1651972 2672759 2937188 2379036 1309561 630739 2327685 9822690 8657875 3899679 2895603 2297240 9635077 2240075 253368 0 2053629 9676416 8537232 2317989 2294596 5343786 661132 3732989 1641772 1086863 3057330 1770703 1054514 1547183 3358031 961903 1571239 9346182 2498152
5453820 108004 2597493 692663 9899587 2791042 285280 2183589 2437228 1250623 2271437 2162804 3108104 3589689 2328619 1657777 1914301 331902 10777242 9612522 4729902 3330949 1773256 10591000 1716845 2298175 2053629 0 10937712 9798611 285126 2717278 4239099 1544112 3427147 1010127 2887201 3480012 343529 1047124 941672 3052350 2766660 1326240 10607988 2920836
5894341 11024948 8783354 11249985 2190090 12116253 10752109 9406734 12284181 10596663 11119124 11119188 12373592 12437376 11816243 10768234 10394977 10889225 836398 1297632 13842252 13040350 11755915 2219966 11699504 9531960 9676416 10937712 0 1782339 10532354 12522618 7144242 10196846 13648736 10727028 8848851 13285354 10846719 10590228 11456477 13273940 10461110 9798112 1677379 12726176
4755240 9880986 7644252 10110885 1596523 10975746 9612608 8267634 11145080 9457241 9979007 9979926 11233986 11297226 10677391 9629134 9254482 9750123 1791752 627033 12219634 11456993 10616813 1518196 10560402 8392863 8537232 9798611 1782339 0 9256515 10813554 5868404 8921979 12373008 9452162 7573985 11576288 9563411 9315361 9808030 11998210 9184901 8523246 1125894 11017110
5217255 372363 2360929 597399 9663023 3055401 269749 2447949 2701588 1514982 2535796 2427164 3372464 3854048 2592978 1922137 2178661 236637 10540679 9375960 4994261 3595308 1188894 10354437 1279833 2562534 2317989 285126 10532354 9256515 0 2898444 4008372 1725278 3616058 903906 3068367 3661178 524695 1227159 1122838 3233516 2947827 1311332 10377263 3102002
8288773 2758491 5033186 3189729 11870117 463737 2682470 2424556 1636690 1568507 1409927 608151 554174 2728179 632646 1255535 1604517 3029416 12098867 10934205 3690670 780835 2091946 11909556 2015550 2539141 2294596 2717278 12522618 10813554 2898444 0 6669094 1914151 1897525 2636051 3401593 950501 2432042 2065126 1735090 1522728 2094674 2983976 11648957 245964
1383721 4321414 2084739 4551372 6274912 7017212 4052565 4851315 6581635 5204749 6403285 6116931 7062231 7721537 6536414 5611904 5896012 4190610 7152567 5987848 8684028 7696672 5143117 6966326 5234056 5201681 5343786 4239099 7144242 5868404 4008372 6669094 0 5507528 7570440 4414422 4094062 7444193 4313444 5027456 4911587 7195643 5702075 3883896 7228331 6885016
5940889 1585326 3133253 2216246 9328609 2049462 1509304 791092 2220338 451718 1132662 1165698 2307288 2450913 1763727 704392 448494 1856250 10206156 9041545 3413404 2530132 1704699 10019892 1647534 905677 661132 1544112 10196846 8921979 1725278 1914151 5507528 0 3080668 1167804 1503777 2672230 1271667 450945 943614 2705847 1611308 1274457 9761092 2113052
8778494 3468360 5743742 3679450 12779545 1622195 3392338 3862883 1075369 2663754 2953534 2037083 2582575 4271785 1367131 2364034 3062271 3463203 13657066 12492453 5234277 2806931 2513914 13034711 2370421 3977488 3732989 3427147 13648736 12373008 3616058 1897525 7570440 3080668 0 3657029 4574388 2945537 3147861 3075492 2519708 451456 3613246 4154991 12776901 2111397
5622476 1051341 2766149 1476005 9858672 2770311 718140 1777044 2666814 1173033 2193846 2081609 3030514 3512098 2455795 1580187 1569412 1115244 10736327 9571608 4652311 3253358 2002841 10550075 1945676 1818486 1641772 1010127 10727028 9452162 903906 2636051 4414422 1167804 3657029 0 2369441 3395370 764453 809517 1175826 3272451 2682018 664853 10160487 2836192
4538358 2928414 2337394 3560099 8511144 3536424 2852392 819747 3697143 2008733 2490572 2523608 3794729 3808823 3250736 2181197 1806545 3199338 8858149 7693430 4771315 4017574 3168876 8671896 3111711 927408 1086863 2887201 8848851 7573985 3068367 3401593 4094062 1503777 4574388 2369441 0 3870248 2583622 1867432 2360101 4173348 1719666 1977165 8383527 3311071
9051508 3521225 5795920 3952463 12629472 1285645 3445203 3187290 2399424 2331241 2172661 1370886 482392 3419066 1651224 2018269 2367251 3736215 12861562 12133057 4453405 731589 2854680 12672290 2778284 3301875 3057330 3480012 13285354 11576288 3661178 950501 7444193 2672230 2945537 3395370 3870248 0 3196408 2829492 2499456 2578505 2859040 3748342 12413323 880354
5521498 259624 2659421 1016429 9977518 2511459 308720 1900663 2157645 967697 1988511 1879878 2825179 3306762 2049035 1374851 1631375 655667 10855044 9684575 4446975 3048023 1493673 10652993 1437262 2015249 1770703 343529 10846719 9563411 524695 2432042 4313444 1271667 3147861 764453 2583622 3196408 0 769235 663873 2774551 2488771 1736092 10668064 2642946
6235511 1088338 3373381 1720054 9732463 2199386 1011185 1184474 2141147 525648 1411430 1506932 2458262 2729682 1914701 914850 847930 1359262 10599538 9445398 3692173 2681107 1477175 10413274 1420010 1299059 1054514 1047124 10590228 9315361 1227159 2065126 5027456 450945 3075492 809517 1867432 2829492 769235 0 709905 2784096 1919005 1152755 10167929 2267203
6119641 982885 3257565 1614572 10591575 1883306 906863 1677143 1529492 634934 1550231 1240241 2128227 2868483 1420882 745253 1303323 1253811 11092268 9927656 3830974 2351071 865520 10905943 808355 1791728 1547183 941672 11456477 9808030 1122838 1735090 4911587 943614 2519708 1175826 2360101 2499456 663873 709905 0 2145926 2086209 1700879 10658142 1941755
8403697 3093563 5368893 3304653 12404748 1247398 3017541 3487991 670854 2288957 2578713 1662263 2207275 3896965 992334 1989237 2687451 3088406 13282267 12117655 4859456 2431630 2139117 12659915 1995623 3602576 3358031 3052350 13273940 11998210 3233516 1522728 7195643 2705847 451456 3272451 4173348 2578505 2774551 2784096 2145926 0 3238775 3781850 12403759 1736925
6203266 2807874 3944945 3439559 10938440 2576212 2731852 1303980 2801152 1531582 888408 1424565 2487810 2206660 2290477 1439123 1276393 3078798 10468935 9304346 3169151 2712166 2619927 10282351 2543531 821957 961903 2766660 10461110 9184901 2947827 2094674 5702075 1611308 3613246 2682018 1719666 2859040 2488771 1919005 2086209 3238775 0 2732525 10001539 2291195
5091951 1394415 2071817 1883432 8929756 3118236 1125566 1701200 3290162 1468663 2234942 2241273 3377113 3553194 2833552 1774216 1605538 1522670 9807411 8642692 4515685 3599957 2518344 9621090 2461180 1815785 1571239 1326240 9798112 8523246 1311332 2983976 3883896 1274457 4154991 664853 1977165 3748342 1736092 1152755 1700879 3781850 2732525 0 9234755 3188782
5564617 10690364 8453630 10920263 2109762 11783892 10421920 9077011 11954456 10266618 10754742 10786864 12042094 12072994 11485537 10438511 10063859 10559501 1376164 857479 13035814 12265134 11426190 590763 11369779 9202188 9346182 10607988 1677379 1125894 10377263 11648957 7228331 9761092 12776901 10160487 8383527 12413323 10668064 10167929 10658142 12403759 10001539 9234755 0 11850188
8492331 2962049 5236743 3393286 12073792 581695 2886027 2628112 1840247 1772064 1613484 811708 484690 2931735 848809 1459091 1808073 3177039 12302480 11573948 3894226 490423 2295502 12113112 2219106 2742698 2498152 2920836 12726176 11017110 3102002 245964 6885016 2113052 2111397 2836192 3311071 880354 2642946 2267203 1941755 1736925 2291195 3188782 11850188 0
